4368289204618097664
4509584189328215809
4473915308202355200
4438412143087397889
4436469782333433600
4372395919990629376
4466349480575764737
4506693231944796928
4416084594457325057
4412880027887989249
4369753628795773184
3946020500774219776
4287847543651684864
4114199478052360448
4467593414045216257
4197025617315569153
4038788304027303681
3779422221599733504
3814245255519552512
4094437089594512896
4466327113874706945
4030560779244867073
4060233603976260609
4502955813995620353
4471522066686596865
4468248378850912256
4491152701670692609
4372266907237600000
4286585043378852352
3762436459297612801
4101790650458965760
4174913719175507969
4404648905495217921
4506895708856471553
4353650218573261313
4108325113931611904
4453156161147834369
3962663535186762752
4500453483304216064
4309809087464528385
3797858047714077696
4488251484909168128
3954491921532623873
4510077273374697217
4465995298870522113
4255941914896928513
4423737872995731968
4167872928340901889
3914200376467817985
3913373821274149121
4410202672269639936
4395375800392267008
4207183941531979776
4080173611572966913
909110824361279489
4186437056735338496
4292655204855319553
4435446856430688256
4492236301774205440
4493679175161262337
4226283701461707009
4480938459426240000
4480958555490754305
4509883359484935680
4226216963600666369
4479416810631162369
4490890865868136960
4466364641893040897
4460752676460565505
4469701749368456704
4409721971568434177
4465295506240677888
4142264119927322880
3954677596262108161
4089372327375069440
4295654884114226688
4270900663273059072
3739263211200413440
4308145138439226368
4459503388063863297
4024928511965813249
4489442494816104704
4469470511981523201
4211252854221772544
3850537695299733249
4153381313860428544
4256571044331562241
4469581208027428352
4346719020126386945
3758978453433376001
3993071464838816513
4376963597243737856
4129935915866129408
4506771501314032129
3951762680861838849
4351195382049171968
4469245697516258049
4343243975222739968
4437495032341930497
3699951837954445568
4408362097515182593
4262290718065265408
3886752488982104320
4149539287854468097
4203561819819572480
4488745821241467392
4447500721859261952
4111401399011991296
4451176763596145408
4254211683888038656
4372932856312164608
4449572788968551936
4467735294351643648
4268692945639817473
4069216143173363457
4038939551214524160
4485907209626157057
4040432713844152065
3775012490754736896
4400263862892803329
4508539652604164864
3759053000500834049
4510188576485576449
4377058895181911296
4491234088635000577
3900006255302672128
4334927923415983616
4238647835116467968
4504161646448350208
3866185209767867392
4481540284285160705
4424907676162983681
4382745603230504193
4178038004230258689
4496971857131000064
4077891625400611585
4463682384311387649
4282858480098508288
4509441584212988416
4508859563311175424
4493649466260211200
4367734314204717313
3857241993556923136
4497441355596156928
4272224501663248129
4216390008156993025
4478294153273633280
4469384535334483457
4244793998215005441
4498433390866068992
4399043382899077376
4457378959216493312
4249506098702518016
4449063540663614976
4116361743043694337
4439973591248869120
3835942365694234113
3791680652460099840
4285622238616763904
3966428713282086401
4418680539860268032
4510372709436000000
4379924033568008193
4484930040482204928
4173314067367122432
4418877000218428929
4356977373877814785
4489618222004481281
4506161591402923009
4509227056564395521
3977981893335066369
4506947756269080576
4301075110530947585
4252308686196505345
4509957626130610177
4399007857756014848
4478541262364406528
4020658189765230848
4467094863040829696
4489719234726598400
3710237930832509185
4506988566125822464
4496395004087707649
3854987970844526336
4441504086915981057
3842084984301547777
4372113768134810369
4334989900338497792
4495421411777424897
4506845748739212289
4501041871811330304
4506192030566365696
4292223086877529345
4141690976962443009
4369536314831695360
4472451205941314304
4385852826766262785
4369863802621512449
4405257123914795520
4210408363171892225
4508167874562760961
4290354396894457344
3675144806820518145
4414274290772970240
4421068739262629632
4245089107184506881
4496065053620966656
3803819859267047424
4476856834809086977
4286399579074155009
4476822963763805440
4500186296978325760
4486643772427836416
4504566389505076992
3969309661231844353
4478431758067694848
4452473823821759233
3859158525815371008
4508602090458960385
4484995774440694528
4315918474876026368
4250129703335393024
4499488923858756352
4453370378298258944
3947361523790090497
3966965417950534657
4079571211537251073
4491908541833141761
4507616408701751808
4472207729382940161
4271809087304611329
3756259038119026432
4337371802807177217
4181445921785566977
4447651375431908865
4327015656051134208
3999590568526329088
4277718880910308353
4505750773143539712
4496952512857454592
4448149053441932801
4295885001955252736
4471428808387339521
4421783564723443712
4263381920067604225
4410552343189835265
4472850910498339328
3844733128191781376
4279122899189493249
4372524238735658753
4306678565041166336
4499219903435978753
4342928687882012417
3730129630318675712
4424480203118681088
4311278097638415360
4423458926577174016
3763772820431316225
4202720811485614081
4308055865483452417
4471110462091036928
4022893531669790720
4430598822414581761
4269357933614239745
3768824145745104384
4490825601296615681
4315358777567334401
4315489256509526017
4506914308235974657
4418678474418484736
4509880734556638976
4179114482420662785
4380064375876876033
3982801990448519680
4431115840651090433
4485412650642367745
4018787314897486336
4464888913008191488
4493249060832679936
3683860014582848512
4497075768201757696
4064669884538165248
3662294755822910208
4506012029067501313
4503311723485778177
4506836734743111425
4463876550716008448
4501373380051537920
4494095604891710208
4246403326030673665
3793114458874720513
4508611946637152768
4186631290354971136
4268387735386301696
4455469038811709953
4503626964225254912
4497357930180657152
4503743433167741184
4510023404303718144
4509066107000550144
4311694172182731265
3795790271650105856
4478084226105089792
4504485824419004416
4509065876026324737
4147851193928698881
3797324032247165953
4029832356711067392
4505850276345384961
4368153277335355648
4508338113888044033
4401161180995069696
4499911460447503361
4479218441836065281
4464704086384367360
4324112779208771072
3798700495388695552
4302380188119281152
4010492383386607104
3759429324820634112
4366303457574198016
4368486854196502785
4250637534629294592
4483016777876634881
4325047601760798465
4505328331799687424
4328508696375272193
4477886541667296513
4508354378002059777
4405196640998336257
4506622617309811712
4509860893313627905
4235333175398429185
4402860719872448513
3874721474449977857
4391426312051325441
4480186288406376705
4433246829891010816
4067562139912529665
4284068485478470145
4508272018830654209
4505769401070037760
4016897323902670337
3973833390226849025
4466530841407711233
4475635126221039105
4502330972588991233
4262462533882072832
4510868556180855296
4304534193687090688
3994052598715212801
4414082631875930369
4509033520111311105
4352627192749987329
4388635998472738049
4483796872484617473
4372813169619935488
4350573674882635265
3889285014164639233
4317954495800249857
4409981618868992513
4501552915585626112
4336831655756924672
4502894142609154817
3930666490006416640
4503909136355487745
4508577453286200321
3737737591787196160
4073328389175976704
4488480120442302976
4210413144972369665
4487189476648111617
4385985845563929856
4474976609176711937
4495609557547094529
4482956561442789888
4205259655338622209
4175362523522061825
4102955610738835200
4308483812296689152
4458171587700434944
4358545067217428736
4488410863663243008
4358318022063111680
4440245402843913985
4488718501981834241
4030985466568552449
4492538669657677568
4274439894562153473
4293021185442741760
4504604445194982401
4373541767431572225
3748285072961017857
3805428410253973249
4177281555900268545
4319310210742133760
3787116669814470657
4393537321211127040
4507160231236250369
3976959238627291393
4115941133123786497
4211057707464425729
4498394353138782208
4494217122762457345
4264138012044207105
4069883194745660416
4433702661135761665
4273810610904482560
4267615259586202112
4505801052563255041
4007749155813467904
4339164132470277120
4485099007995310592
4405159633592994305
4449764799319139329
4315572968745459712
4489504990806264833
4510410651672162816
4510002769641698048
4293095963722847489
3987208380581166849
4029529039467190016
4404250966657263361
3725468878881937408
4509476528420931073
4509327818429599233
3997228691825451265
4408805075186203648
4369858484193307137
4387137132099273472
4505980057650971136
4473624195838327297
4502645271564371200
3935313686161285121
4511299474388874496
3878955067561947904
4327206897768114177
4501393164000107265
4431426196423783681
4483245957818088705
4458735878556067840
4256711534515311872
4398525563077571840
4505425881466749441
4446945140286571265
4453466241538039296
3973049758482830337
4112969816790766081
4134973293409098497
4488609706211677953
4506219350100413184
4492552091592167169
4504379844251342593
4438679961865098497
3720660546256754944
3857856569614396417
4239412237397831936
3937956627522543616
4173338308850406913
4491427401049890816
4470976328285314561
3943631126921942529
4501573066030633216
4428511175769938432
4347203933260022784
4497827244211959297
3910887259807777281
4453345293607305985
4501231298546656001
4057517637790408960
4217341663435874561
4509125222303866112
4487353806959841793
4470045386909703681
3731328173510224641
4474901500806270209
4368360117511723776
4241672786460073216
3798838718433389312
4253452399368395264
4154941857019032065
3969858149349880577
4475539138829229825
4461767792026856961
4450835771673606913
4428538781667013888
4017544190065869312
4462023667706637825
4256898207442605056
4260903064420530177
4478116098540305664
4464840325313036800
4066977010595358208
4002514349028332033
4486250124666810625
4463414065542169089
4465587219895567105
4508997584446675200
4443842434974049536
4421792959008974592
4493933012980868609
4343065930257835521
4503868909446316289
4437741037235656960
4479501862068166400
3683393264227846144
4478545588705849857
4296953266776720897
4484505108847402753
4489549341255341825
4490208028259835904
4496719454450750720
4501434491026535937
4497285498026844929
4426820947972954881
4090097610298286336
4488002584032287744
4108109685145736705
4503046779200356352
4070493522505145088
4385456521844502272
4510430809697645824
4345886260354042112
4301574073048807936
4449039877106066433
3924911601873188353
4482027597526053120
4502548169106572289
4501608363310215425
4494112887025806849
4148740137356129537
4491181403207688192
4285057315984167168
4446092414392242945
3946289703055625472
4483470478693104896
4107342237771512064
4485743149038388224
4417394594121665025
4359648692340225025
4224335165587651072
4323237485409158657
4501700316371688193
4386414289421268481
4294988109381085441
4419250756079902208
3983235461499263488
3728264162977555201
4509003846043340288
4175427668690763776
4372737372998061824
4465347699047011328
4487162828825513473
4508357716548816385
4429478404552481281
4504732076371158273
4501148106455028736
4506287392000520449
4507138357281095681
4283904188132151552
4488120109636722945
4347907851187058945
4485400105712280065
4477029092810141952
4105509864517644800
4259538784608916481
4187118687938944512
4498005407493902337
4444400434118917121
4322661278737188353
3910924953987168512
4498857410441799168
4466926065489471488
4490209011238246144
4037683591743380736
4345534014210143745
4275736959266062849
4282195034465507841
4509568094751546880
4291599370730140416
4110236222843588353
4333245577152606976
4476884770811602177
4485863878917593089
4193059960218423552
4489331731519627776
4215740520775127553
4007489097331184129
4461034168914685441
4488031979046060288
4318572604929631744
4418718562315515392
4499605799885459457
3976272489709966337
4470829263736465408
4510184485634942721
4474443679323744768
4507484274723356160
4247946900232763136
4079834917666207233
4389496603612772864
4306642407506663425
4344030418819398401
4510198121129127425
4476966293763168769
4478805896673686273
3827431686190982912
4459744953166074881
3689185539837049345
4431088251190866433
4434733365850851072
4292225525791060993
3705858319785532416
4493024749190395393
4413333121492766977
4462943509380101632
4507500410093403648
4350298738174179073
4374952791911776001
4459637392335992321
4384560739846125056
3759294497980860160
4018472045106802945
4372130135018870017
4498252695939310336
4360561806198215936
4460285312230237441
4410830102182195201
4497384254520431873
4507774953472663809
4332842752731053313
4457541569750587649
4270941518914581249
3999101076982155264
4468115425569626368
4438837594695264768
4380707416670192128
4447537511069392385
4361926292407886849
4467977737140676609
4438837594827358721
4510227172466407424
4346722022462182400
4385051708338667777
4510199774844496897
4342475883423748097
4464216067120436224
4482053196665742081
4260935792875142656
4411551924835979777
4501537890313629697
4510123927794399233
4452445534044823041
4157669662739465216
4473768092442080769
4478539055993483777
4443848534096258048
4506878341015359489
3849020668809311489
4481491051823264256
4465134318247041281
4506198382689751040
4503447097437349377
4491676671732626945
4510228445595958785
4269202923773985793
4247575526993201920
4509052379663275008
4505176363955115776
4509418528724294912
4509652038722176000
4465315378814129153
4495200253676557312
4485854880770939392
3956259058584674817
3784274306492781057
4510116029347460353
4509134562765954560
4396177751173974529
4312022997481387520
4298017817986898945
4509854907717245185
4469664268600268544
4347234784147958272
4505950506801953281
4373529428214379521
4459465712646099969
4496897826507472896
4491229235134771456
4496511522238447872
4455360372492071168
4509856875122753025
4510005506323891713
4466995398185152001
4510004113949684480
4404080202734509568
4498638843039192321
4487409615012318721
4490090536300169473
4186722453393128193
4505733544990608128
4471810855387885057
4472986578246870784
4372731464842670336
4509495112074803201
4484125531286577408
4497240916653101057
4254701681426827264
4463140698834577409
4447153685095695616
3896055566452343297
4494536060412617729
3799982964264788993
4509316269250721793
4472935995186962688
4493867160682764289
4438679097244079872
4135160787653924865
3865635095524633345
4284698970319737345
4308155062767406081
4420248602321069312
4380889396328895745
4080076166763818497
3922126838894118656
4464798873962906112
4166486116948805121
4120995677011061760
4191501986718198785
3925655232957017856
4455006938472583169
4464051263641225473
4130249964362014720
4439521814980400896
4444428902141334785
4266517341743230977
4347981103635990272
4105190993792355073
3848411987859099392
4182088558978593025
4159782161290378753
3746904129636329728
4467328254550038784
3890893499544523264
4456902198534338049
4369965709399729152
3986623040376028929
3766214453321446144
4361960450450564096
4393868586376368385
4447413726484964353
4191203708922689281
4468574005068015616
4476764324340883969
4471697864403213824
4313334504918441984
4120066087544364033
4244037851192522496
3982195129323772928
4164300126621506816
4485804640982886913
932055860290134016
4178209542524017408
3904393221729556225
4362151925609995008
3772725295350548737
4154811161454700544
4482637825364518144
932006188448096257
3866994260364752129
4326130709278969600
4345289351931077377
4401264203670728193
3971322747399908097
4158362121576449024
4187364380033162753
3767301776289678080
4199499367770983169
4191766408862037761
4232066722566315777
4422933268440480768
4411520178015977728
4463457448890259201
4471279077223127297
4424953246162990337
4057375387886362880
4449771581438396160
4490004245433463040
4351064550097578498
4295684289110821377
4088549861854879489
4257075712912167168
4154825772497064449
4440056706600343296
4235245655188894209
4429936430854278657
4260669251335831808
4231476415818319617
4374737390032407808
4437781345906383105
4372202429902804736
4023616625178799873
4172422683629065217
4484081316937707777
4167886224541660417
4301370043801822208
3949937759288284416
4345531612384776193
4314275352503637249
4433270631490021633
4434541456616343041
4196583291196422912
4311006229477624321
4372043048919799040
4454993952067821057
4167001403977539840
4188914190220972544
4423282819470916608
4307073554956475392
4473878901460461057
4433110428044371201
4456552552047028224
3944053600509058561
4420307445171156736
4466150155102980352
4468454868622863873
3991265367182893312
4148707037418184448
4404215072019338240
4475288103640396289
4221175980879001089
4465385593092064000
3837165351072477184
4262382402067276032
4271991104268896768
4316455430069415938
4387452577096840449
4430307043080110336
4494066845237372929
4301687994580413953
4485952544314589185
4429970585824195584
4326059289542684929
4412606084203540993
4434383315472183808
3761019219682267137
4377775152791998976
4415703910005088769
4464045802532931072
4359357329728397568
4372223597013425664
4271451178842517761
4373353790864631041
4443575324129584384
3945144296726111489
4130702992851335169
4422795901808232193
4464240448614934529
4307428640042441216
3917358816785798912
4426426549332894721
4485625963105131008
3947859101889945088
4366681300649696769
4489365927351148032
3951092838035782401
4227879505769825024
4463382109361010176
3794283687401163009
3815871268932568577
4509643785280232705
4475796373695054849
4287632537666407937
4474330786453428736
4501934532747186177
4319995187618525696
4401811670556914944
4423518975573210625
4472822483462521089
4285222428172180736
4391061888414863360
4475679455350252289
4481002540974705921
4244678691464207617
4510924804478038272
4108383913839535872
4256783697032802560
4263521685254017536
4272442253053232128
4294014762809594369
4431356678525811456
4462768251895639552
4080280448257570304
4463580874329270273
4483577990835003905
4498583823826364417
3899408277767284992
4362151348234789120
4465564728883699200
4490979530320252673
3820679125969257217
4213521934366885376
4405149721789771776
4430456267131929344
4464023060685256193
4497234132578529280
4507214982893113344
3785613015960083968
4222077232830483969
4298586325574618625
4351742507510593793
4414011673116486400
4498308882618523904
3753031993319956224
3760316738906524417
3962906553856102144
4108519847453441025
4332260500874908672
4395324992841319168
4437474779890926080
4449616218006164993
4469580304891216384
4471216795581563649
4063597378724494336
4300516091842181632
4307065320008975105
4317661485919970816
4470774718436381184
3949164644127244289
4214460253069648641
4326822630221631232
4337170364901926913
4358134386935067393
4361506499048546561
4456447855719904768
4466254062893852673
4483799251392630016
4498676299735814401
3759443118581567744
3891302476813104129
4063823894236421889
4111588503500120576
4224713232745772545
4234779059475400448
4375013691989445889
4384226068861023745
4428883435292345859
4449036467868638721
4486001362397261569
4507898156151225089
3760847408049342209
3911889645861134592
4356492437037837825
4367911793570783488
4378003129562975488
4384458915899241985
4412716084892660224
4465296735082378752
4475082113588720384
4483250501410513665
3944170680696278272
3962574272365973249
4271423360837591809
4317543328457945089
4363715702798404353
4382691981265861632
4404056288371955201
4426202387072220672
4461045243388718592
4476487071621683201
3744622871094146305
3888058721225179393
4131746151319033601
4192934756006968320
4253827805499261696
4331318021660623104
4335041538240230144
4405075782107541760
4416876536933302785
4438023803011857408
4451177075324400641
4465078220625932544
4473948572146529025
3734472256034433793
3937136812419473408
4033552764343493377
4049347657919616512
4289933268030063105
4343203699359305473
4350624984963887873
4353741993196676353
4414851894886318593
4454786744718636032
4471277227513509377
4482770335692023040
4482915912180752897
3691378100467959553
3831451182854151937
3895413402984859136
3910029853490746119
3972207257955105793
4015336817927934208
4023784565234525696
4160023296261822721
4195840240270678784
4284219106640805377
4343747848102698497
4346198281640097024
4380213556695917824
4385455030905244928
4452726829668290816
4464805193949653504
4465457803426656513
4471344672493270529
4491571027245666816
4492947634189373185
4496152574239254528
4511423391807529472
3825056020798471680
3877016193277309696
3883338119534179840
3914505517879168256
3982262094384168961
3999894217876136961
4068052006404448257
4076393406313815296
4078111668546375424
4078204221138316801
4223232015794037248
4249803308347213057
4384838964838389249
4385085600034279425
4408224047595681537
4439707013360867073
4450928755381285889
4450960788323750145
4147911217855099904
4495651952711124993
4455209893826105857
4452102428384566784
4446204772109082880
4385754343161135360
4507268946195652865
4288822915354466816
4190401434967428609
4467085430078139905
4219726063130342656
4473883151346002433
4375395409152692224
4489839233351863553
4469073617918979584
4485828046239360257
4507784163746158336
4465701305013113857
4083704059161718273
4510606429050550016
4466243672342402049
4200567163778770688
4464743175758473216
4463616427785318657
4456933607880167937
4476533236587671808
4269550304079704320
4227789807136293889
4271090847607666177
4314344504830384641
4508769257802527489
4483595905152954625
4423146215464126977
4491614752717856513
4503004371950245120
4148834639568227328
4511233432007018753
4500194010265604352
4485498122969930241
4507093280142129665
4213050605041099521
4481749431056305409
4489201820976663553
4487334424523375360
4342152654259582465
4361946216644531969
4429638849465558272
4142704523511240192
4294557667075739648
4494136071696417025
4297266472223187712
4469689464362346496
4352367276323425793
4355192239218073344
4378460535553438977
4473406995115963136
4467685036931440129
4456610636660884224
4459055595319608321
4385299670461052416
4380129527068886529
4483767937671655936
4063260864917018624
4412465509852493568
4469962196459201792
4442333784188397312
4189811866229379329
4320512111160167936
4063603917988253185
4060660065126021376
4271357827208245504
4385857668640018689
4486763446071172096
4237854675222945280
4466176300594026240
4508821740424804352
4376381068774560000
4334186107311325952
4499614510247389184
4488326199262385921
4486412953838334209
4150406540200863489
4460373072572465920
4326010825661531904
4280175292395424769
4146683655169381889
4508979293730361857
4449531461751235584
4395449127898845441
4424075257008547328
4313653601797133568
4348884589554537984
4451690575358655232
4472246857650761216
4503909113812865024
4111707574177050625
4283933993588544769
4508573837825709824
4507152723315868161
3937025105073282817
4330554723293492736
4471678687256750081
4478407221777361408
4063887868267862017
4358637015858606336
4245544394298181377
4351705607858121984
4307555643406877697
4233399224036259584
4179455316244546048
4468302806954026241
4067955600697841153
4455709807197582848
4501735885421953024
4474928316757467905
4085651235559156736
4404196812354152192
4364295075469500672
4271440778407548673
4482686821881668864
4508686589062303489
4249190276107258881
4510329943767184640
4428366377657957121
4486781454028579072
4489640709762594305
4501593526472612609
4406014257463358721
4484020666976409600
4509988175287679744
4413178152011933953
4484493227218727424
4301279617339229441
4298264961449084416
4440361607732614913
4476369519837567488
4438231997643850240
4070154537511891969
4038269965782510081
4491646230674190592
4329260528318836993
4254158025668954625
4486399843649694209
4302591772449640704
4447653901629660672
4489951743761501440
4446966488065733377
4495624062655464449
4013204869042426112
4347683902415242241
4491706083951907329
4406032533147242497
4172856790400343296
4153066058984680961
4503781838106673152
4418629618177486593
4306204602287457280
4345175219202127360
4466181380290652673
4226250808298721280
4511600959938725120
4491580139002008064
4475347075228803329
4404089613492374017
4161343558474839808
4316731782199970305
4446599017583836160
4393005321636528640
4472500458796497921
4426294200351876096
4376550292525521153
4278418223876889857
4001378354395806209
4408255328486963712
4483264931705528064
4490292001542155521
3983872088365540864
4029061141481084673
4495716247320215808
4353201878379678720
4409943641725361153
4251949614640226305
4439066323139937024
4237332396364142336
4367565262432489216
4385599809523217920
4504418002192184577
4379198943134612480
4115776113086775297
4501272315013403648
4295380396496681473
4459286853063164673
4407103876405720321
4069285161103751937
4240396024114005761
4458640535231375361
4498916249009996033
4510078568228966912
4252321732615181057
4489710323817565440
4354023869073569536
4195459290991632385
4493475027505433856
4286326476565251585
4323467371675468801
4498172844730820609
4180990003770607105
4284023125826130177
4335088822276952064
4490534687458473472
4408915609858242304
4348112914485157121
4206035224342626817
4483926816588341504
4506733599526965249
4492317657829086976
4180898273234289921
4300284400210167297
4203794162643250688
4290058577244339712
4496751545210511617
4301726907195289345
4486351065596521728
4495588117622213889
4120928713896496129
4204252200372454400
4405432983013046529
4468454023940243968
4378905577334794241
4486789458445563136
4379480443830795264
4504383539135987457
4491267314469703425
4342608182680316928
4461504679219537921
4357346392553479168
4460898868489123329
4439389431367214848
4443311696604259585
4503340996543111936
4211967858026813184
4290346393694535168
4468075912224595456
4474705663839740161
4477668273074444288
4288738102911786240
4258002303137120512
4410642104270255361
4491189296419430912
4267113952922018561
4372857075394732289
4439101168601345024
4504424937122770689
4507169333882563329
4463905977760050688
4456511518725146113
4142615886632523520
4326043834992261121
4508947445776110081
4510244974007240704
4476925341174306817
4346419511834325760
4056873003844358657
4498715117104084993
4489636479085049088
4504584070108103169
4304490394284823809
4493971153789908224
4446528357045699073
4411620492166413313
4377083000586095104
4255204140934152704
4353525413396677632
4334244982867458048
4291620584637388032
4462340223424845569
4504626958085474048
4261578697855694336
4288075781378362880
4508689294520840961
4377369602845869824
4496633642716774401
4503002571240718592
4241845689093114880
4210465427766097665
4510537903351510273
4492586193731905280
4448243737976660992
4414246676879014912
4469523007029569536
4090927978589673473
4506776734955417857
4500461090549479425
4275537356840170241
4389874486438612993
4463533176855177216
4416967255576239105
4371401863666901249
4498096558537470209
4494693568830260737
4490922384119435009
4503951499228878081
4429298310601071105
4400100360175361536
4504129276120472321
4327039680741345025
4390408659070963712
4503095241058316545
4323639425556560896
4504731881614857985
4056422198766432768
4491432735000891136
4510186063117920001
4346392656319532544
4429767783730086145
4377945176921525761
4020054443545787393
4455907641366915073
4498291067841966337
4255947772395610369
4499640863913665281
4057447377880031489
4510652951815091457
4491106226509635328
4443630474819092225
4430792330694542592
4491503957371105792
4510681900588397825
4151663524878931713
4109715108030224640
4486506522822024193
4112708073658086401
4500361579107002368
4499645143308027137
4394263890548331776
4510168191030733824
4485026993324749569
4473361714459050240
4445335124032033280
4491900597201552896
4510512724898579713
4123886069946737409
4076158136336831489
4355281037583032065
4081161690356624385
4495834393093600769
4371425571653342977
4482897744368427521
3952199189091716097
4476656205062593025
4468221550171931649
4395383233264850176
4509806904935484928
4510550304530280961
4456770645327441408
4125333033795188737
4440485246603346688
4401581765164214016
4474044332543142400
4469735863900724736
4215484493487006209
4085338514041357056
4343444793405338113
4503689767584932097
4411517426977010944
4476721932376258049
4292897565898866177
4441581162544043777
4464779212358849024
4472961225320709121
4423463811300346369
4166132964201190145
4433268600902746368
4447862007475215872
4242993608978095617
4436101927450283009
4003952112840302849
4245967044166201601
4424244077131441409
4336136913089046016
4327996344154208000
4405650152946956801
4457589089687308544
4269565553881838337
4453465835684832256
4415492702073774593
4393994228292005633
4497293084109817088
4464799832705359360
4425006743442425600
4425616233392107265
4478344183059608065
4448980075057205505
4505869151715796225
4471498547444936193
4262115312344724992
4071965109365957888
4392584744323306497
4227973404315456000
4327891644712701697
4485367293808439040
3948379506764284929
4006042990087825409
4014265753285093121
4032875056682691841
4039181372229562113
4076753858549461760
4079420819596443905
4140098233537127937
4142102276973265920
4145330274381669377
4147573263675961600
4152452390150746624
4153852024358003456
4169510484240695041
4172029006892650496
4174416523125903104
4178680576130582528
4432973408553321728
4430632634158661889
4435396291553183489
4383088118924489984
4466543099935481345
4453416644184777472
4436221315757451009
4453581167238513409
4465049996863924224
4455075769801122560
4419753389892630017
4140385176614099713
4295395101320915201
4375681115479299584
4460362656163595777
4420249892283358977
4304658742673245441
4255332751619656193
4268102603882472705
4443099262987818753
4412709369610779137
4418294527744517377
4453433150914493184
4103105160741072129
4382950074708066560
4421403160732738817
4118821811697560833
4322581818537365248
3970793459370953730
4358078965725684480
4334212631452287745
4365042837785711872
4086705649692500225
4400718846943766273
4376763445580301824
4002855360609840129
4375245422909725953
4225639011096846849
4245465106974357249
4302254442276465153
4385006983013431809
4459756023663568128
4388981230427436800
4162634793129103361
4251889729038945025
4352401383582624256